0	10	0	10
0.010005	10	0.0099951	9.9902
0.02001	10	0.0199804	9.9804
0.030015	10	0.0299559	9.9706
0.04002	10	0.0399216	9.9608
0.050025	10	0.0498775	9.951
0.06003	10	0.0598236	9.9412
0.070035	10	0.0697599	9.9314
0.08004	10	0.0796864	9.9216
0.090045	10	0.0896031	9.9118
0.10005	10	0.09951	9.902
0.110055	10	0.109407	9.8922
0.12006	10	0.119294	9.8824
0.130065	10	0.129172	9.8726
0.14007	10	0.13904	9.8628
0.150075	10	0.148897	9.853
0.16008	10	0.158746	9.8432
0.170085	10	0.168584	9.8334
0.18009	10	0.178412	9.8236
0.190095	10	0.188231	9.8138
0.2001	10	0.19804	9.804
0.210105	10	0.207839	9.7942
0.22011	10	0.217628	9.7844
0.230115	10	0.227408	9.7746
0.24012	10	0.237178	9.7648
0.250125	10	0.246937	9.755
0.26013	10	0.256688	9.7452
0.270135	10	0.266428	9.7354
0.28014	10	0.276158	9.7256
0.290145	10	0.285879	9.7158
0.30015	10	0.29559	9.706
0.310155	10	0.305291	9.6962
0.32016	10	0.314982	9.6864
0.330165	10	0.324664	9.6766
0.34017	10	0.334336	9.6668
0.350175	10	0.343997	9.657
0.36018	10	0.35365	9.6472
0.370185	10	0.363292	9.6374
0.38019	10	0.372924	9.6276
0.390195	10	0.382547	9.6178
0.4002	10	0.39216	9.608
0.410205	10	0.401763	9.5982
0.42021	10	0.411356	9.5884
0.430215	10	0.42094	9.5786
0.44022	10	0.430514	9.5688
0.450225	10	0.440077	9.559
0.46023	10	0.449632	9.5492
0.470235	10	0.459176	9.5394
0.48024	10	0.46871	9.5296
0.490245	10	0.478235	9.5198
0.50025	10	0.48775	9.51
0.510255	10	0.497255	9.5002
0.52026	10	0.50675	9.4904
0.530265	10	0.516236	9.4806
0.54027	10	0.525712	9.4708
0.550275	10	0.535177	9.461
0.56028	10	0.544634	9.4512
0.570285	10	0.55408	9.4414
0.58029	10	0.563516	9.4316
0.590295	10	0.572943	9.4218
0.6003	10	0.58236	9.412
0.610305	10	0.591767	9.4022
0.62031	10	0.601164	9.3924
0.630315	10	0.610552	9.3826
0.64032	10	0.61993	9.3728
0.650325	10	0.629297	9.363
0.66033	10	0.638656	9.3532
0.670335	10	0.648004	9.3434
0.68034	10	0.657342	9.3336
0.690345	10	0.666671	9.3238
0.70035	10	0.67599	9.314
0.710355	10	0.685299	9.3042
0.72036	10	0.694598	9.2944
0.730365	10	0.703888	9.2846
0.74037	10	0.713168	9.2748
0.750375	10	0.722437	9.265
0.76038	10	0.731698	9.2552
0.770385	10	0.740948	9.2454
0.78039	10	0.750188	9.2356
0.790395	10	0.759419	9.2258
0.8004	10	0.76864	9.216
0.810405	10	0.777851	9.2062
0.82041	10	0.787052	9.1964
0.830415	10	0.796244	9.1866
0.84042	10	0.805426	9.1768
0.850425	10	0.814597	9.167
0.86043	10	0.82376	9.1572
0.870435	10	0.832912	9.1474
0.88044	10	0.842054	9.1376
0.890445	10	0.851187	9.1278
0.90045	10	0.86031	9.118
0.910455	10	0.869423	9.1082
0.92046	10	0.878526	9.0984
0.930465	10	0.88762	9.0886
0.94047	10	0.896704	9.0788
0.950475	10	0.905777	9.069
0.96048	10	0.914842	9.0592
0.970485	10	0.923896	9.0494
0.98049	10	0.93294	9.0396
0.990495	10	0.941975	9.0298
1.0005	10	0.951	9.02
1.01051	10	0.960015	9.0102
1.02051	10	0.96902	9.0004
1.03052	10	0.978016	8.9906
1.04052	10	0.987002	8.9808
1.05053	10	0.995977	8.971
1.06053	10	1.00494	8.9612
1.07054	10	1.0139	8.9514
1.08054	10	1.02285	8.9416
1.09055	10	1.03178	8.9318
1.10055	10	1.04071	8.922
1.11056	10	1.04963	8.9122
1.12056	10	1.05853	8.9024
1.13057	10	1.06743	8.8926
1.14057	10	1.07632	8.8828
1.15058	10	1.0852	8.873
1.16058	10	1.09407	8.8632
1.17059	10	1.10292	8.8534
1.18059	10	1.11177	8.8436
1.1906	10	1.12061	8.8338
1.2006	10	1.12944	8.824
1.21061	10	1.13826	8.8142
1.22061	10	1.14707	8.8044
1.23062	10	1.15587	8.7946
1.24062	10	1.16466	8.7848
1.25063	10	1.17344	8.775
1.26063	10	1.18221	8.7652
1.27064	10	1.19097	8.7554
1.28064	10	1.19972	8.7456
1.29065	10	1.20846	8.7358
1.30065	10	1.21719	8.726
1.31066	10	1.22591	8.7162
1.32066	10	1.23462	8.7064
1.33067	10	1.24332	8.6966
1.34067	10	1.25202	8.6868
1.35068	10	1.2607	8.677
1.36068	10	1.26937	8.6672
1.37069	10	1.27803	8.6574
1.38069	10	1.28668	8.6476
1.3907	10	1.29533	8.6378
1.4007	10	1.30396	8.628
1.41071	10	1.31258	8.6182
1.42071	10	1.3212	8.6084
1.43072	10	1.3298	8.5986
1.44072	10	1.33839	8.5888
1.45073	10	1.34698	8.579
1.46073	10	1.35555	8.5692
1.47074	10	1.36412	8.5594
1.48074	10	1.37267	8.5496
1.49075	10	1.38122	8.5398
1.50075	10	1.38975	8.53
1.51076	10	1.39828	8.5202
1.52076	10	1.40679	8.5104
1.53077	10	1.4153	8.5006
1.54077	10	1.42379	8.4908
1.55078	10	1.43228	8.481
1.56078	10	1.44075	8.4712
1.57079	10	1.44922	8.4614
1.58079	10	1.45768	8.4516
1.5908	10	1.46612	8.4418
1.6008	10	1.47456	8.432
1.61081	10	1.48299	8.4222
1.62081	10	1.4914	8.4124
1.63082	10	1.49981	8.4026
1.64082	10	1.50821	8.3928
1.65083	10	1.5166	8.383
1.66083	10	1.52498	8.3732
1.67084	10	1.53334	8.3634
1.68084	10	1.5417	8.3536
1.69085	10	1.55005	8.3438
1.70085	10	1.55839	8.334
1.71086	10	1.56672	8.3242
1.72086	10	1.57504	8.3144
1.73087	10	1.58335	8.3046
1.74087	10	1.59165	8.2948
1.75088	10	1.59994	8.285
1.76088	10	1.60822	8.2752
1.77089	10	1.61649	8.2654
1.78089	10	1.62475	8.2556
1.7909	10	1.633	8.2458
1.8009	10	1.64124	8.236
1.81091	10	1.64947	8.2262
1.82091	10	1.65769	8.2164
1.83092	10	1.6659	8.2066
1.84092	10	1.67411	8.1968
1.85093	10	1.6823	8.187
1.86093	10	1.69048	8.1772
1.87094	10	1.69865	8.1674
1.88094	10	1.70681	8.1576
1.89095	10	1.71497	8.1478
1.90095	10	1.72311	8.138
1.91096	10	1.73124	8.1282
1.92096	10	1.73937	8.1184
1.93097	10	1.74748	8.1086
1.94097	10	1.75558	8.0988
1.95098	10	1.76368	8.089
1.96098	10	1.77176	8.0792
1.97099	10	1.77984	8.0694
1.98099	10	1.7879	8.0596
1.991	10	1.79596	8.0498
2.001	10	1.804	8.04
2.01101	10	1.81204	8.0302
2.02101	10	1.82006	8.0204
2.03102	10	1.82808	8.0106
2.04102	10	1.83608	8.0008
2.05103	10	1.84408	7.991
2.06103	10	1.85206	7.9812
2.07104	10	1.86004	7.9714
2.08104	10	1.86801	7.9616
2.09105	10	1.87596	7.9518
2.10105	10	1.88391	7.942
2.11106	10	1.89185	7.9322
2.12106	10	1.89977	7.9224
2.13107	10	1.90769	7.9126
2.14107	10	1.9156	7.9028
2.15108	10	1.9235	7.893
2.16108	10	1.93139	7.8832
2.17109	10	1.93926	7.8734
2.18109	10	1.94713	7.8636
2.1911	10	1.95499	7.8538
2.2011	10	1.96284	7.844
2.21111	10	1.97068	7.8342
2.22111	10	1.97851	7.8244
2.23112	10	1.98633	7.8146
2.24112	10	1.99414	7.8048
2.25113	10	2.00194	7.795
2.26113	10	2.00973	7.7852
2.27114	10	2.01751	7.7754
2.28114	10	2.02528	7.7656
2.29115	10	2.03304	7.7558
2.30115	10	2.04079	7.746
2.31116	10	2.04853	7.7362
2.32116	10	2.05626	7.7264
2.33117	10	2.06398	7.7166
2.34117	10	2.0717	7.7068
2.35118	10	2.0794	7.697
2.36118	10	2.08709	7.6872
2.37119	10	2.09477	7.6774
2.38119	10	2.10244	7.6676
2.3912	10	2.11011	7.6578
2.4012	10	2.11776	7.648
2.41121	10	2.1254	7.6382
2.42121	10	2.13304	7.6284
2.43122	10	2.14066	7.6186
2.44122	10	2.14827	7.6088
2.45123	10	2.15588	7.599
2.46123	10	2.16347	7.5892
2.47124	10	2.17106	7.5794
2.48124	10	2.17863	7.5696
2.49125	10	2.1862	7.5598
2.50125	10	2.19375	7.55
2.51126	10	2.2013	7.5402
2.52126	10	2.20883	7.5304
2.53127	10	2.21636	7.5206
2.54127	10	2.22387	7.5108
2.55128	10	2.23138	7.501
2.56128	10	2.23887	7.4912
2.57129	10	2.24636	7.4814
2.58129	10	2.25384	7.4716
2.5913	10	2.2613	7.4618
2.6013	10	2.26876	7.452
2.61131	10	2.27621	7.4422
2.62131	10	2.28364	7.4324
2.63132	10	2.29107	7.4226
2.64132	10	2.29849	7.4128
2.65133	10	2.3059	7.403
2.66133	10	2.3133	7.3932
2.67134	10	2.32068	7.3834
2.68134	10	2.32806	7.3736
2.69135	10	2.33543	7.3638
2.70135	10	2.34279	7.354
2.71136	10	2.35014	7.3442
2.72136	10	2.35748	7.3344
2.73137	10	2.36481	7.3246
2.74137	10	2.37213	7.3148
2.75138	10	2.37944	7.305
2.76138	10	2.38674	7.2952
2.77139	10	2.39403	7.2854
2.78139	10	2.40131	7.2756
2.7914	10	2.40858	7.2658
2.8014	10	2.41584	7.256
2.81141	10	2.42309	7.2462
2.82141	10	2.43033	7.2364
2.83142	10	2.43756	7.2266
2.84142	10	2.44479	7.2168
2.85143	10	2.452	7.207
2.86143	10	2.4592	7.1972
2.87144	10	2.46639	7.1874
2.88144	10	2.47357	7.1776
2.89145	10	2.48075	7.1678
2.90145	10	2.48791	7.158
2.91146	10	2.49506	7.1482
2.92146	10	2.50221	7.1384
2.93147	10	2.50934	7.1286
2.94147	10	2.51646	7.1188
2.95148	10	2.52358	7.109
2.96148	10	2.53068	7.0992
2.97149	10	2.53778	7.0894
2.98149	10	2.54486	7.0796
2.9915	10	2.55194	7.0698
3.0015	10	2.559	7.06
3.01151	10	2.56606	7.0502
3.02151	10	2.5731	7.0404
3.03152	10	2.58014	7.0306
3.04152	10	2.58716	7.0208
3.05153	10	2.59418	7.011
3.06153	10	2.60118	7.0012
3.07154	10	2.60818	6.9914
3.08154	10	2.61517	6.9816
3.09155	10	2.62214	6.9718
3.10155	10	2.62911	6.962
3.11156	10	2.63607	6.9522
3.12156	10	2.64301	6.9424
3.13157	10	2.64995	6.9326
3.14157	10	2.65688	6.9228
3.15158	10	2.6638	6.913
3.16158	10	2.67071	6.9032
3.17159	10	2.6776	6.8934
3.18159	10	2.68449	6.8836
3.1916	10	2.69137	6.8738
3.2016	10	2.69824	6.864
3.21161	10	2.7051	6.8542
3.22161	10	2.71195	6.8444
3.23162	10	2.71879	6.8346
3.24162	10	2.72562	6.8248
3.25163	10	2.73244	6.815
3.26163	10	2.73925	6.8052
3.27164	10	2.74605	6.7954
3.28164	10	2.75284	6.7856
3.29165	10	2.75962	6.7758
3.30165	10	2.76639	6.766
3.31166	10	2.77315	6.7562
3.32166	10	2.7799	6.7464
3.33167	10	2.78664	6.7366
3.34167	10	2.79338	6.7268
3.35168	10	2.8001	6.717
3.36168	10	2.80681	6.7072
3.37169	10	2.81351	6.6974
3.38169	10	2.8202	6.6876
3.3917	10	2.82689	6.6778
3.4017	10	2.83356	6.668
3.41171	10	2.84022	6.6582
3.42171	10	2.84688	6.6484
3.43172	10	2.85352	6.6386
3.44172	10	2.86015	6.6288
3.45173	10	2.86678	6.619
3.46173	10	2.87339	6.6092
3.47174	10	2.88	6.5994
3.48174	10	2.88659	6.5896
3.49175	10	2.89318	6.5798
3.50175	10	2.89975	6.57
3.51176	10	2.90632	6.5602
3.52176	10	2.91287	6.5504
3.53177	10	2.91942	6.5406
3.54177	10	2.92595	6.5308
3.55178	10	2.93248	6.521
3.56178	10	2.93899	6.5112
3.57179	10	2.9455	6.5014
3.58179	10	2.952	6.4916
3.5918	10	2.95848	6.4818
3.6018	10	2.96496	6.472
3.61181	10	2.97143	6.4622
3.62181	10	2.97788	6.4524
3.63182	10	2.98433	6.4426
3.64182	10	2.99077	6.4328
3.65183	10	2.9972	6.423
3.66183	10	3.00362	6.4132
3.67184	10	3.01002	6.4034
3.68184	10	3.01642	6.3936
3.69185	10	3.02281	6.3838
3.70185	10	3.02919	6.374
3.71186	10	3.03556	6.3642
3.72186	10	3.04192	6.3544
3.73187	10	3.04827	6.3446
3.74187	10	3.05461	6.3348
3.75188	10	3.06094	6.325
3.76188	10	3.06726	6.3152
3.77189	10	3.07357	6.3054
3.78189	10	3.07987	6.2956
3.7919	10	3.08616	6.2858
3.8019	10	3.09244	6.276
3.81191	10	3.09871	6.2662
3.82191	10	3.10497	6.2564
3.83192	10	3.11122	6.2466
3.84192	10	3.11747	6.2368
3.85193	10	3.1237	6.227
3.86193	10	3.12992	6.2172
3.87194	10	3.13613	6.2074
3.88194	10	3.14233	6.1976
3.89195	10	3.14853	6.1878
3.90195	10	3.15471	6.178
3.91196	10	3.16088	6.1682
3.92196	10	3.16705	6.1584
3.93197	10	3.1732	6.1486
3.94197	10	3.17934	6.1388
3.95198	10	3.18548	6.129
3.96198	10	3.1916	6.1192
3.97199	10	3.19772	6.1094
3.98199	10	3.20382	6.0996
3.992	10	3.20992	6.0898
4.002	10	3.216	6.08
4.01201	10	3.22208	6.0702
4.02201	10	3.22814	6.0604
4.03202	10	3.2342	6.0506
4.04202	10	3.24024	6.0408
4.05203	10	3.24628	6.031
4.06203	10	3.2523	6.0212
4.07204	10	3.25832	6.0114
4.08204	10	3.26433	6.0016
4.09205	10	3.27032	5.9918
4.10205	10	3.27631	5.982
4.11206	10	3.28229	5.9722
4.12206	10	3.28825	5.9624
4.13207	10	3.29421	5.9526
4.14207	10	3.30016	5.9428
4.15208	10	3.3061	5.933
4.16208	10	3.31203	5.9232
4.17209	10	3.31794	5.9134
4.18209	10	3.32385	5.9036
4.1921	10	3.32975	5.8938
4.2021	10	3.33564	5.884
4.21211	10	3.34152	5.8742
4.22211	10	3.34739	5.8644
4.23212	10	3.35325	5.8546
4.24212	10	3.3591	5.8448
4.25213	10	3.36494	5.835
4.26213	10	3.37077	5.8252
4.27214	10	3.37659	5.8154
4.28214	10	3.3824	5.8056
4.29215	10	3.3882	5.7958
4.30215	10	3.39399	5.786
4.31216	10	3.39977	5.7762
4.32216	10	3.40554	5.7664
4.33217	10	3.4113	5.7566
4.34217	10	3.41706	5.7468
4.35218	10	3.4228	5.737
4.36218	10	3.42853	5.7272
4.37219	10	3.43425	5.7174
4.38219	10	3.43996	5.7076
4.3922	10	3.44567	5.6978
4.4022	10	3.45136	5.688
4.41221	10	3.45704	5.6782
4.42221	10	3.46272	5.6684
4.43222	10	3.46838	5.6586
4.44222	10	3.47403	5.6488
4.45223	10	3.47968	5.639
4.46223	10	3.48531	5.6292
4.47224	10	3.49094	5.6194
4.48224	10	3.49655	5.6096
4.49225	10	3.50216	5.5998
4.50225	10	3.50775	5.59
4.51226	10	3.51334	5.5802
4.52226	10	3.51891	5.5704
4.53227	10	3.52448	5.5606
4.54227	10	3.53003	5.5508
4.55228	10	3.53558	5.541
4.56228	10	3.54111	5.5312
4.57229	10	3.54664	5.5214
4.58229	10	3.55216	5.5116
4.5923	10	3.55766	5.5018
4.6023	10	3.56316	5.492
4.61231	10	3.56865	5.4822
4.62231	10	3.57412	5.4724
4.63232	10	3.57959	5.4626
4.64232	10	3.58505	5.4528
4.65233	10	3.5905	5.443
4.66233	10	3.59594	5.4332
4.67234	10	3.60136	5.4234
4.68234	10	3.60678	5.4136
4.69235	10	3.61219	5.4038
4.70235	10	3.61759	5.394
4.71236	10	3.62298	5.3842
4.72236	10	3.62836	5.3744
4.73237	10	3.63373	5.3646
4.74237	10	3.63909	5.3548
4.75238	10	3.64444	5.345
4.76238	10	3.64978	5.3352
4.77239	10	3.65511	5.3254
4.78239	10	3.66043	5.3156
4.7924	10	3.66574	5.3058
4.8024	10	3.67104	5.296
4.81241	10	3.67633	5.2862
4.82241	10	3.68161	5.2764
4.83242	10	3.68688	5.2666
4.84242	10	3.69215	5.2568
4.85243	10	3.6974	5.247
4.86243	10	3.70264	5.2372
4.87244	10	3.70787	5.2274
4.88244	10	3.71309	5.2176
4.89245	10	3.71831	5.2078
4.90245	10	3.72351	5.198
4.91246	10	3.7287	5.1882
4.92246	10	3.73389	5.1784
4.93247	10	3.73906	5.1686
4.94247	10	3.74422	5.1588
4.95248	10	3.74938	5.149
4.96248	10	3.75452	5.1392
4.97249	10	3.75966	5.1294
4.98249	10	3.76478	5.1196
4.9925	10	3.7699	5.1098
5.0025	10	3.775	5.1
5.01251	10	3.7801	5.0902
5.02251	10	3.78518	5.0804
5.03252	10	3.79026	5.0706
5.04252	10	3.79532	5.0608
5.05253	10	3.80038	5.051
5.06253	10	3.80542	5.0412
5.07254	10	3.81046	5.0314
5.08254	10	3.81549	5.0216
5.09255	10	3.8205	5.0118
5.10255	10	3.82551	5.002
5.11256	10	3.83051	4.9922
5.12256	10	3.83549	4.9824
5.13257	10	3.84047	4.9726
5.14257	10	3.84544	4.9628
5.15258	10	3.8504	4.953
5.16258	10	3.85535	4.9432
5.17259	10	3.86028	4.9334
5.18259	10	3.86521	4.9236
5.1926	10	3.87013	4.9138
5.2026	10	3.87504	4.904
5.21261	10	3.87994	4.8942
5.22261	10	3.88483	4.8844
5.23262	10	3.88971	4.8746
5.24262	10	3.89458	4.8648
5.25263	10	3.89944	4.855
5.26263	10	3.90429	4.8452
5.27264	10	3.90913	4.8354
5.28264	10	3.91396	4.8256
5.29265	10	3.91878	4.8158
5.30265	10	3.92359	4.806
5.31266	10	3.92839	4.7962
5.32266	10	3.93318	4.7864
5.33267	10	3.93796	4.7766
5.34267	10	3.94274	4.7668
5.35268	10	3.9475	4.757
5.36268	10	3.95225	4.7472
5.37269	10	3.95699	4.7374
5.38269	10	3.96172	4.7276
5.3927	10	3.96645	4.7178
5.4027	10	3.97116	4.708
5.41271	10	3.97586	4.6982
5.42271	10	3.98056	4.6884
5.43272	10	3.98524	4.6786
5.44272	10	3.98991	4.6688
5.45273	10	3.99458	4.659
5.46273	10	3.99923	4.6492
5.47274	10	4.00388	4.6394
5.48274	10	4.00851	4.6296
5.49275	10	4.01314	4.6198
5.50275	10	4.01775	4.61
5.51276	10	4.02236	4.6002
5.52276	10	4.02695	4.5904
5.53277	10	4.03154	4.5806
5.54277	10	4.03611	4.5708
5.55278	10	4.04068	4.561
5.56278	10	4.04523	4.5512
5.57279	10	4.04978	4.5414
5.58279	10	4.05432	4.5316
5.5928	10	4.05884	4.5218
5.6028	10	4.06336	4.512
5.61281	10	4.06787	4.5022
5.62281	10	4.07236	4.4924
5.63282	10	4.07685	4.4826
5.64282	10	4.08133	4.4728
5.65283	10	4.0858	4.463
5.66283	10	4.09026	4.4532
5.67284	10	4.0947	4.4434
5.68284	10	4.09914	4.4336
5.69285	10	4.10357	4.4238
5.70285	10	4.10799	4.414
5.71286	10	4.1124	4.4042
5.72286	10	4.1168	4.3944
5.73287	10	4.12119	4.3846
5.74287	10	4.12557	4.3748
5.75288	10	4.12994	4.365
5.76288	10	4.1343	4.3552
5.77289	10	4.13865	4.3454
5.78289	10	4.14299	4.3356
5.7929	10	4.14732	4.3258
5.8029	10	4.15164	4.316
5.81291	10	4.15595	4.3062
5.82291	10	4.16025	4.2964
5.83292	10	4.16454	4.2866
5.84292	10	4.16883	4.2768
5.85293	10	4.1731	4.267
5.86293	10	4.17736	4.2572
5.87294	10	4.18161	4.2474
5.88294	10	4.18585	4.2376
5.89295	10	4.19009	4.2278
5.90295	10	4.19431	4.218
5.91296	10	4.19852	4.2082
5.92296	10	4.20273	4.1984
5.93297	10	4.20692	4.1886
5.94297	10	4.2111	4.1788
5.95298	10	4.21528	4.169
5.96298	10	4.21944	4.1592
5.97299	10	4.2236	4.1494
5.98299	10	4.22774	4.1396
5.993	10	4.23188	4.1298
6.003	10	4.236	4.12
6.01301	10	4.24012	4.1102
6.02301	10	4.24422	4.1004
6.03302	10	4.24832	4.0906
6.04302	10	4.2524	4.0808
6.05303	10	4.25648	4.071
6.06303	10	4.26054	4.0612
6.07304	10	4.2646	4.0514
6.08304	10	4.26865	4.0416
6.09305	10	4.27268	4.0318
6.10305	10	4.27671	4.022
6.11306	10	4.28073	4.0122
6.12306	10	4.28473	4.0024
6.13307	10	4.28873	3.9926
6.14307	10	4.29272	3.9828
6.15308	10	4.2967	3.973
6.16308	10	4.30067	3.9632
6.17309	10	4.30462	3.9534
6.18309	10	4.30857	3.9436
6.1931	10	4.31251	3.9338
6.2031	10	4.31644	3.924
6.21311	10	4.32036	3.9142
6.22311	10	4.32427	3.9044
6.23312	10	4.32817	3.8946
6.24312	10	4.33206	3.8848
6.25313	10	4.33594	3.875
6.26313	10	4.33981	3.8652
6.27314	10	4.34367	3.8554
6.28314	10	4.34752	3.8456
6.29315	10	4.35136	3.8358
6.30315	10	4.35519	3.826
6.31316	10	4.35901	3.8162
6.32316	10	4.36282	3.8064
6.33317	10	4.36662	3.7966
6.34317	10	4.37042	3.7868
6.35318	10	4.3742	3.777
6.36318	10	4.37797	3.7672
6.37319	10	4.38173	3.7574
6.38319	10	4.38548	3.7476
6.3932	10	4.38923	3.7378
6.4032	10	4.39296	3.728
6.41321	10	4.39668	3.7182
6.42321	10	4.4004	3.7084
6.43322	10	4.4041	3.6986
6.44322	10	4.40779	3.6888
6.45323	10	4.41148	3.679
6.46323	10	4.41515	3.6692
6.47324	10	4.41882	3.6594
6.48324	10	4.42247	3.6496
6.49325	10	4.42612	3.6398
6.50325	10	4.42975	3.63
6.51326	10	4.43338	3.6202
6.52326	10	4.43699	3.6104
6.53327	10	4.4406	3.6006
6.54327	10	4.44419	3.5908
6.55328	10	4.44778	3.581
6.56328	10	4.45135	3.5712
6.57329	10	4.45492	3.5614
6.58329	10	4.45848	3.5516
6.5933	10	4.46202	3.5418
6.6033	10	4.46556	3.532
6.61331	10	4.46909	3.5222
6.62331	10	4.4726	3.5124
6.63332	10	4.47611	3.5026
6.64332	10	4.47961	3.4928
6.65333	10	4.4831	3.483
6.66333	10	4.48658	3.4732
6.67334	10	4.49004	3.4634
6.68334	10	4.4935	3.4536
6.69335	10	4.49695	3.4438
6.70335	10	4.50039	3.434
6.71336	10	4.50382	3.4242
6.72336	10	4.50724	3.4144
6.73337	10	4.51065	3.4046
6.74337	10	4.51405	3.3948
6.75338	10	4.51744	3.385
6.76338	10	4.52082	3.3752
6.77339	10	4.52419	3.3654
6.78339	10	4.52755	3.3556
6.7934	10	4.5309	3.3458
6.8034	10	4.53424	3.336
6.81341	10	4.53757	3.3262
6.82341	10	4.54089	3.3164
6.83342	10	4.5442	3.3066
6.84342	10	4.54751	3.2968
6.85343	10	4.5508	3.287
6.86343	10	4.55408	3.2772
6.87344	10	4.55735	3.2674
6.88344	10	4.56061	3.2576
6.89345	10	4.56387	3.2478
6.90345	10	4.56711	3.238
6.91346	10	4.57034	3.2282
6.92346	10	4.57357	3.2184
6.93347	10	4.57678	3.2086
6.94347	10	4.57998	3.1988
6.95348	10	4.58318	3.189
6.96348	10	4.58636	3.1792
6.97349	10	4.58954	3.1694
6.98349	10	4.5927	3.1596
6.9935	10	4.59586	3.1498
7.0035	10	4.599	3.14
7.01351	10	4.60214	3.1302
7.02351	10	4.60526	3.1204
7.03352	10	4.60838	3.1106
7.04352	10	4.61148	3.1008
7.05353	10	4.61458	3.091
7.06353	10	4.61766	3.0812
7.07354	10	4.62074	3.0714
7.08354	10	4.62381	3.0616
7.09355	10	4.62686	3.0518
7.10355	10	4.62991	3.042
7.11356	10	4.63295	3.0322
7.12356	10	4.63597	3.0224
7.13357	10	4.63899	3.0126
7.14357	10	4.642	3.0028
7.15358	10	4.645	2.993
7.16358	10	4.64799	2.9832
7.17359	10	4.65096	2.9734
7.18359	10	4.65393	2.9636
7.1936	10	4.65689	2.9538
7.2036	10	4.65984	2.944
7.21361	10	4.66278	2.9342
7.22361	10	4.66571	2.9244
7.23362	10	4.66863	2.9146
7.24362	10	4.67154	2.9048
7.25363	10	4.67444	2.895
7.26363	10	4.67733	2.8852
7.27364	10	4.68021	2.8754
7.28364	10	4.68308	2.8656
7.29365	10	4.68594	2.8558
7.30365	10	4.68879	2.846
7.31366	10	4.69163	2.8362
7.32366	10	4.69446	2.8264
7.33367	10	4.69728	2.8166
7.34367	10	4.7001	2.8068
7.35368	10	4.7029	2.797
7.36368	10	4.70569	2.7872
7.37369	10	4.70847	2.7774
7.38369	10	4.71124	2.7676
7.3937	10	4.71401	2.7578
7.4037	10	4.71676	2.748
7.41371	10	4.7195	2.7382
7.42371	10	4.72224	2.7284
7.43372	10	4.72496	2.7186
7.44372	10	4.72767	2.7088
7.45373	10	4.73038	2.699
7.46373	10	4.73307	2.6892
7.47374	10	4.73576	2.6794
7.48374	10	4.73843	2.6696
7.49375	10	4.7411	2.6598
7.50375	10	4.74375	2.65
7.51376	10	4.7464	2.6402
7.52376	10	4.74903	2.6304
7.53377	10	4.75166	2.6206
7.54377	10	4.75427	2.6108
7.55378	10	4.75688	2.601
7.56378	10	4.75947	2.5912
7.57379	10	4.76206	2.5814
7.58379	10	4.76464	2.5716
7.5938	10	4.7672	2.5618
7.6038	10	4.76976	2.552
7.61381	10	4.77231	2.5422
7.62381	10	4.77484	2.5324
7.63382	10	4.77737	2.5226
7.64382	10	4.77989	2.5128
7.65383	10	4.7824	2.503
7.66383	10	4.7849	2.4932
7.67384	10	4.78738	2.4834
7.68384	10	4.78986	2.4736
7.69385	10	4.79233	2.4638
7.70385	10	4.79479	2.454
7.71386	10	4.79724	2.4442
7.72386	10	4.79968	2.4344
7.73387	10	4.80211	2.4246
7.74387	10	4.80453	2.4148
7.75388	10	4.80694	2.405
7.76388	10	4.80934	2.3952
7.77389	10	4.81173	2.3854
7.78389	10	4.81411	2.3756
7.7939	10	4.81648	2.3658
7.8039	10	4.81884	2.356
7.81391	10	4.82119	2.3462
7.82391	10	4.82353	2.3364
7.83392	10	4.82586	2.3266
7.84392	10	4.82819	2.3168
7.85393	10	4.8305	2.307
7.86393	10	4.8328	2.2972
7.87394	10	4.83509	2.2874
7.88394	10	4.83737	2.2776
7.89395	10	4.83965	2.2678
7.90395	10	4.84191	2.258
7.91396	10	4.84416	2.2482
7.92396	10	4.84641	2.2384
7.93397	10	4.84864	2.2286
7.94397	10	4.85086	2.2188
7.95398	10	4.85308	2.209
7.96398	10	4.85528	2.1992
7.97399	10	4.85748	2.1894
7.98399	10	4.85966	2.1796
7.994	10	4.86184	2.1698
8.004	10	4.864	2.16
8.01401	10	4.86616	2.1502
8.02401	10	4.8683	2.1404
8.03402	10	4.87044	2.1306
8.04402	10	4.87256	2.1208
8.05403	10	4.87468	2.111
8.06403	10	4.87678	2.1012
8.07404	10	4.87888	2.0914
8.08404	10	4.88097	2.0816
8.09405	10	4.88304	2.0718
8.10405	10	4.88511	2.062
8.11406	10	4.88717	2.0522
8.12406	10	4.88921	2.0424
8.13407	10	4.89125	2.0326
8.14407	10	4.89328	2.0228
8.15408	10	4.8953	2.013
8.16408	10	4.89731	2.0032
8.17409	10	4.8993	1.9934
8.18409	10	4.90129	1.9836
8.1941	10	4.90327	1.9738
8.2041	10	4.90524	1.964
8.21411	10	4.9072	1.9542
8.22411	10	4.90915	1.9444
8.23412	10	4.91109	1.9346
8.24412	10	4.91302	1.9248
8.25413	10	4.91494	1.915
8.26413	10	4.91685	1.9052
8.27414	10	4.91875	1.8954
8.28414	10	4.92064	1.8856
8.29415	10	4.92252	1.8758
8.30415	10	4.92439	1.866
8.31416	10	4.92625	1.8562
8.32416	10	4.9281	1.8464
8.33417	10	4.92994	1.8366
8.34417	10	4.93178	1.8268
8.35418	10	4.9336	1.817
8.36418	10	4.93541	1.8072
8.37419	10	4.93721	1.7974
8.38419	10	4.939	1.7876
8.3942	10	4.94079	1.7778
8.4042	10	4.94256	1.768
8.41421	10	4.94432	1.7582
8.42421	10	4.94608	1.7484
8.43422	10	4.94782	1.7386
8.44422	10	4.94955	1.7288
8.45423	10	4.95128	1.719
8.46423	10	4.95299	1.7092
8.47424	10	4.9547	1.6994
8.48424	10	4.95639	1.6896
8.49425	10	4.95808	1.6798
8.50425	10	4.95975	1.67
8.51426	10	4.96142	1.6602
8.52426	10	4.96307	1.6504
8.53427	10	4.96472	1.6406
8.54427	10	4.96635	1.6308
8.55428	10	4.96798	1.621
8.56428	10	4.96959	1.6112
8.57429	10	4.9712	1.6014
8.58429	10	4.9728	1.5916
8.5943	10	4.97438	1.5818
8.6043	10	4.97596	1.572
8.61431	10	4.97753	1.5622
8.62431	10	4.97908	1.5524
8.63432	10	4.98063	1.5426
8.64432	10	4.98217	1.5328
8.65433	10	4.9837	1.523
8.66433	10	4.98522	1.5132
8.67434	10	4.98672	1.5034
8.68434	10	4.98822	1.4936
8.69435	10	4.98971	1.4838
8.70435	10	4.99119	1.474
8.71436	10	4.99266	1.4642
8.72436	10	4.99412	1.4544
8.73437	10	4.99557	1.4446
8.74437	10	4.99701	1.4348
8.75438	10	4.99844	1.425
8.76438	10	4.99986	1.4152
8.77439	10	5.00127	1.4054
8.78439	10	5.00267	1.3956
8.7944	10	5.00406	1.3858
8.8044	10	5.00544	1.376
8.81441	10	5.00681	1.3662
8.82441	10	5.00817	1.3564
8.83442	10	5.00952	1.3466
8.84442	10	5.01087	1.3368
8.85443	10	5.0122	1.327
8.86443	10	5.01352	1.3172
8.87444	10	5.01483	1.3074
8.88444	10	5.01613	1.2976
8.89445	10	5.01743	1.2878
8.90445	10	5.01871	1.278
8.91446	10	5.01998	1.2682
8.92446	10	5.02125	1.2584
8.93447	10	5.0225	1.2486
8.94447	10	5.02374	1.2388
8.95448	10	5.02498	1.229
8.96448	10	5.0262	1.2192
8.97449	10	5.02742	1.2094
8.98449	10	5.02862	1.1996
8.9945	10	5.02982	1.1898
9.0045	10	5.031	1.18
9.01451	10	5.03218	1.1702
9.02451	10	5.03334	1.1604
9.03452	10	5.0345	1.1506
9.04452	10	5.03564	1.1408
9.05453	10	5.03678	1.131
9.06453	10	5.0379	1.1212
9.07454	10	5.03902	1.1114
9.08454	10	5.04013	1.1016
9.09455	10	5.04122	1.0918
9.10455	10	5.04231	1.082
9.11456	10	5.04339	1.0722
9.12456	10	5.04445	1.0624
9.13457	10	5.04551	1.0526
9.14457	10	5.04656	1.0428
9.15458	10	5.0476	1.033
9.16458	10	5.04863	1.0232
9.17459	10	5.04964	1.0134
9.18459	10	5.05065	1.0036
9.1946	10	5.05165	0.9938
9.2046	10	5.05264	0.984
9.21461	10	5.05362	0.9742
9.22461	10	5.05459	0.9644
9.23462	10	5.05555	0.9546
9.24462	10	5.0565	0.9448
9.25463	10	5.05744	0.935
9.26463	10	5.05837	0.9252
9.27464	10	5.05929	0.9154
9.28464	10	5.0602	0.9056
9.29465	10	5.0611	0.8958
9.30465	10	5.06199	0.886
9.31466	10	5.06287	0.8762
9.32466	10	5.06374	0.8664
9.33467	10	5.0646	0.8566
9.34467	10	5.06546	0.8468
9.35468	10	5.0663	0.837
9.36468	10	5.06713	0.8272
9.37469	10	5.06795	0.8174
9.38469	10	5.06876	0.8076
9.3947	10	5.06957	0.7978
9.4047	10	5.07036	0.788
9.41471	10	5.07114	0.7782
9.42471	10	5.07192	0.7684
9.43472	10	5.07268	0.7586
9.44472	10	5.07343	0.7488
9.45473	10	5.07418	0.739
9.46473	10	5.07491	0.7292
9.47474	10	5.07564	0.7194
9.48474	10	5.07635	0.7096
9.49475	10	5.07706	0.6998
9.50475	10	5.07775	0.69
9.51476	10	5.07844	0.6802
9.52476	10	5.07911	0.6704
9.53477	10	5.07978	0.6606
9.54477	10	5.08043	0.6508
9.55478	10	5.08108	0.641
9.56478	10	5.08171	0.6312
9.57479	10	5.08234	0.6214
9.58479	10	5.08296	0.6116
9.5948	10	5.08356	0.6018
9.6048	10	5.08416	0.592
9.61481	10	5.08475	0.5822
9.62481	10	5.08532	0.5724
9.63482	10	5.08589	0.5626
9.64482	10	5.08645	0.5528
9.65483	10	5.087	0.543
9.66483	10	5.08754	0.5332
9.67484	10	5.08806	0.5234
9.68484	10	5.08858	0.5136
9.69485	10	5.08909	0.5038
9.70485	10	5.08959	0.494
9.71486	10	5.09008	0.4842
9.72486	10	5.09056	0.4744
9.73487	10	5.09103	0.4646
9.74487	10	5.09149	0.4548
9.75488	10	5.09194	0.445
9.76488	10	5.09238	0.4352
9.77489	10	5.09281	0.4254
9.78489	10	5.09323	0.4156
9.7949	10	5.09364	0.4058
9.8049	10	5.09404	0.396
9.81491	10	5.09443	0.3862
9.82491	10	5.09481	0.3764
9.83492	10	5.09518	0.3666
9.84492	10	5.09555	0.3568
9.85493	10	5.0959	0.347
9.86493	10	5.09624	0.3372
9.87494	10	5.09657	0.3274
9.88494	10	5.09689	0.3176
9.89495	10	5.09721	0.3078
9.90495	10	5.09751	0.298
9.91496	10	5.0978	0.2882
9.92496	10	5.09809	0.2784
9.93497	10	5.09836	0.2686
9.94497	10	5.09862	0.2588
9.95498	10	5.09888	0.249
9.96498	10	5.09912	0.2392
9.97499	10	5.09936	0.2294
9.98499	10	5.09958	0.2196
9.995	10	5.0998	0.2098
10.005	10	5.1	0.2
10.015	10	5.1002	0.1902
10.025	10	5.10038	0.1804
10.035	10	5.10056	0.1706
10.045	10	5.10072	0.1608
10.055	10	5.10088	0.151
10.065	10	5.10102	0.1412
10.075	10	5.10116	0.1314
10.085	10	5.10129	0.1216
10.095	10	5.1014	0.1118
10.1051	10	5.10151	0.102
10.1151	10	5.10161	0.0922
10.1251	10	5.10169	0.0824
10.1351	10	5.10177	0.0726
10.1451	10	5.10184	0.0628
10.1551	10	5.1019	0.053
10.1651	10	5.10195	0.0432
10.1751	10	5.10198	0.0334
10.1851	10	5.10201	0.0236
10.1951	10	5.10203	0.0138
10.2051	10	5.10204	0.004
10.2151	10	5.10204	-0.0058
10.2251	10	5.10203	-0.0156
10.2351	10	5.10201	-0.0254
10.2451	10	5.10198	-0.0352
10.2551	10	5.10194	-0.045
10.2651	10	5.10189	-0.0548
10.2751	10	5.10183	-0.0646
10.2851	10	5.10176	-0.0744
10.2951	10	5.10168	-0.0842
10.3052	10	5.10159	-0.094
10.3152	10	5.10149	-0.1038
10.3252	10	5.10138	-0.1136
10.3352	10	5.10126	-0.1234
10.3452	10	5.10114	-0.1332
10.3552	10	5.101	-0.143
10.3652	10	5.10085	-0.1528
10.3752	10	5.10069	-0.1626
10.3852	10	5.10052	-0.1724
10.3952	10	5.10035	-0.1822
10.4052	10	5.10016	-0.192
10.4152	10	5.09996	-0.2018
10.4252	10	5.09976	-0.2116
10.4352	10	5.09954	-0.2214
10.4452	10	5.09931	-0.2312
10.4552	10	5.09908	-0.241
10.4652	10	5.09883	-0.2508
10.4752	10	5.09858	-0.2606
10.4852	10	5.09831	-0.2704
10.4952	10	5.09804	-0.2802
10.5053	10	5.09775	-0.29
10.5153	10	5.09746	-0.2998
10.5253	10	5.09715	-0.3096
10.5353	10	5.09684	-0.3194
10.5453	10	5.09651	-0.3292
10.5553	10	5.09618	-0.339
10.5653	10	5.09583	-0.3488
10.5753	10	5.09548	-0.3586
10.5853	10	5.09512	-0.3684
10.5953	10	5.09474	-0.3782
10.6053	10	5.09436	-0.388
10.6153	10	5.09397	-0.3978
10.6253	10	5.09356	-0.4076
10.6353	10	5.09315	-0.4174
10.6453	10	5.09273	-0.4272
10.6553	10	5.0923	-0.437
10.6653	10	5.09186	-0.4468
10.6753	10	5.0914	-0.4566
10.6853	10	5.09094	-0.4664
10.6953	10	5.09047	-0.4762
10.7054	10	5.08999	-0.486
10.7154	10	5.0895	-0.4958
10.7254	10	5.089	-0.5056
10.7354	10	5.08849	-0.5154
10.7454	10	5.08797	-0.5252
10.7554	10	5.08744	-0.535
10.7654	10	5.0869	-0.5448
10.7754	10	5.08635	-0.5546
10.7854	10	5.08579	-0.5644
10.7954	10	5.08522	-0.5742
10.8054	10	5.08464	-0.584
10.8154	10	5.08405	-0.5938
10.8254	10	5.08345	-0.6036
10.8354	10	5.08284	-0.6134
10.8454	10	5.08223	-0.6232
10.8554	10	5.0816	-0.633
10.8654	10	5.08096	-0.6428
10.8754	10	5.08031	-0.6526
10.8854	10	5.07965	-0.6624
10.8954	10	5.07899	-0.6722
10.9055	10	5.07831	-0.682
10.9155	10	5.07762	-0.6918
10.9255	10	5.07693	-0.7016
10.9355	10	5.07622	-0.7114
10.9455	10	5.0755	-0.7212
10.9555	10	5.07478	-0.731
10.9655	10	5.07404	-0.7408
10.9755	10	5.0733	-0.7506
10.9855	10	5.07254	-0.7604
10.9955	10	5.07178	-0.7702
11.0055	10	5.071	-0.78
11.0155	10	5.07022	-0.7898
11.0255	10	5.06942	-0.7996
11.0355	10	5.06862	-0.8094
11.0455	10	5.0678	-0.8192
11.0555	10	5.06698	-0.829
11.0655	10	5.06614	-0.8388
11.0755	10	5.0653	-0.8486
11.0855	10	5.06445	-0.8584
11.0955	10	5.06358	-0.8682
11.1056	10	5.06271	-0.878
11.1156	10	5.06183	-0.8878
11.1256	10	5.06093	-0.8976
11.1356	10	5.06003	-0.9074
11.1456	10	5.05912	-0.9172
11.1556	10	5.0582	-0.927
11.1656	10	5.05727	-0.9368
11.1756	10	5.05632	-0.9466
11.1856	10	5.05537	-0.9564
11.1956	10	5.05441	-0.9662
11.2056	10	5.05344	-0.976
11.2156	10	5.05246	-0.9858
11.2256	10	5.05147	-0.9956
11.2356	10	5.05047	-1.0054
11.2456	10	5.04946	-1.0152
11.2556	10	5.04844	-1.025
11.2656	10	5.04741	-1.0348
11.2756	10	5.04637	-1.0446
11.2856	10	5.04532	-1.0544
11.2956	10	5.04426	-1.0642
11.3057	10	5.04319	-1.074
11.3157	10	5.04211	-1.0838
11.3257	10	5.04102	-1.0936
11.3357	10	5.03992	-1.1034
11.3457	10	5.03882	-1.1132
11.3557	10	5.0377	-1.123
11.3657	10	5.03657	-1.1328
11.3757	10	5.03543	-1.1426
11.3857	10	5.03428	-1.1524
11.3957	10	5.03313	-1.1622
11.4057	10	5.03196	-1.172
11.4157	10	5.03078	-1.1818
11.4257	10	5.0296	-1.1916
11.4357	10	5.0284	-1.2014
11.4457	10	5.02719	-1.2112
11.4557	10	5.02598	-1.221
11.4657	10	5.02475	-1.2308
11.4757	10	5.02352	-1.2406
11.4857	10	5.02227	-1.2504
11.4957	10	5.02102	-1.2602
11.5058	10	5.01975	-1.27
11.5158	10	5.01848	-1.2798
11.5258	10	5.01719	-1.2896
11.5358	10	5.0159	-1.2994
11.5458	10	5.01459	-1.3092
11.5558	10	5.01328	-1.319
11.5658	10	5.01195	-1.3288
11.5758	10	5.01062	-1.3386
11.5858	10	5.00928	-1.3484
11.5958	10	5.00792	-1.3582
11.6058	10	5.00656	-1.368
11.6158	10	5.00519	-1.3778
11.6258	10	5.0038	-1.3876
11.6358	10	5.00241	-1.3974
11.6458	10	5.00101	-1.4072
11.6558	10	4.9996	-1.417
11.6658	10	4.99818	-1.4268
11.6758	10	4.99674	-1.4366
11.6858	10	4.9953	-1.4464
11.6958	10	4.99385	-1.4562
11.7059	10	4.99239	-1.466
11.7159	10	4.99092	-1.4758
11.7259	10	4.98944	-1.4856
11.7359	10	4.98795	-1.4954
11.7459	10	4.98645	-1.5052
11.7559	10	4.98494	-1.515
11.7659	10	4.98342	-1.5248
11.7759	10	4.98189	-1.5346
11.7859	10	4.98035	-1.5444
11.7959	10	4.9788	-1.5542
11.8059	10	4.97724	-1.564
11.8159	10	4.97567	-1.5738
11.8259	10	4.97409	-1.5836
11.8359	10	4.9725	-1.5934
11.8459	10	4.97091	-1.6032
11.8559	10	4.9693	-1.613
11.8659	10	4.96768	-1.6228
11.8759	10	4.96605	-1.6326
11.8859	10	4.96441	-1.6424
11.8959	10	4.96277	-1.6522
11.906	10	4.96111	-1.662
11.916	10	4.95944	-1.6718
11.926	10	4.95777	-1.6816
11.936	10	4.95608	-1.6914
11.946	10	4.95438	-1.7012
11.956	10	4.95268	-1.711
11.966	10	4.95096	-1.7208
11.976	10	4.94924	-1.7306
11.986	10	4.9475	-1.7404
11.996	10	4.94576	-1.7502
12.006	10	4.944	-1.76
12.016	10	4.94224	-1.7698
12.026	10	4.94046	-1.7796
12.036	10	4.93868	-1.7894
12.046	10	4.93688	-1.7992
12.056	10	4.93508	-1.809
12.066	10	4.93326	-1.8188
12.076	10	4.93144	-1.8286
12.086	10	4.92961	-1.8384
12.096	10	4.92776	-1.8482
12.1061	10	4.92591	-1.858
12.1161	10	4.92405	-1.8678
12.1261	10	4.92217	-1.8776
12.1361	10	4.92029	-1.8874
12.1461	10	4.9184	-1.8972
12.1561	10	4.9165	-1.907
12.1661	10	4.91459	-1.9168
12.1761	10	4.91266	-1.9266
12.1861	10	4.91073	-1.9364
12.1961	10	4.90879	-1.9462
12.2061	10	4.90684	-1.956
12.2161	10	4.90488	-1.9658
12.2261	10	4.90291	-1.9756
12.2361	10	4.90093	-1.9854
12.2461	10	4.89894	-1.9952
12.2561	10	4.89694	-2.005
12.2661	10	4.89493	-2.0148
12.2761	10	4.89291	-2.0246
12.2861	10	4.89088	-2.0344
12.2961	10	4.88884	-2.0442
12.3062	10	4.88679	-2.054
12.3162	10	4.88473	-2.0638
12.3262	10	4.88266	-2.0736
12.3362	10	4.88058	-2.0834
12.3462	10	4.8785	-2.0932
12.3562	10	4.8764	-2.103
12.3662	10	4.87429	-2.1128
12.3762	10	4.87217	-2.1226
12.3862	10	4.87004	-2.1324
12.3962	10	4.86791	-2.1422
12.4062	10	4.86576	-2.152
12.4162	10	4.8636	-2.1618
12.4262	10	4.86144	-2.1716
12.4362	10	4.85926	-2.1814
12.4462	10	4.85707	-2.1912
12.4562	10	4.85488	-2.201
12.4662	10	4.85267	-2.2108
12.4762	10	4.85046	-2.2206
12.4862	10	4.84823	-2.2304
12.4962	10	4.846	-2.2402
12.5063	10	4.84375	-2.25
12.5163	10	4.8415	-2.2598
12.5263	10	4.83923	-2.2696
12.5363	10	4.83696	-2.2794
12.5463	10	4.83467	-2.2892
12.5563	10	4.83238	-2.299
12.5663	10	4.83007	-2.3088
12.5763	10	4.82776	-2.3186
12.5863	10	4.82544	-2.3284
12.5963	10	4.8231	-2.3382
12.6063	10	4.82076	-2.348
12.6163	10	4.81841	-2.3578
12.6263	10	4.81604	-2.3676
12.6363	10	4.81367	-2.3774
12.6463	10	4.81129	-2.3872
12.6563	10	4.8089	-2.397
12.6663	10	4.8065	-2.4068
12.6763	10	4.80408	-2.4166
12.6863	10	4.80166	-2.4264
12.6963	10	4.79923	-2.4362
12.7064	10	4.79679	-2.446
12.7164	10	4.79434	-2.4558
12.7264	10	4.79188	-2.4656
12.7364	10	4.78941	-2.4754
12.7464	10	4.78693	-2.4852
12.7564	10	4.78444	-2.495
12.7664	10	4.78194	-2.5048
12.7764	10	4.77943	-2.5146
12.7864	10	4.77691	-2.5244
12.7964	10	4.77438	-2.5342
12.8064	10	4.77184	-2.544
12.8164	10	4.76929	-2.5538
12.8264	10	4.76673	-2.5636
12.8364	10	4.76416	-2.5734
12.8464	10	4.76159	-2.5832
12.8564	10	4.759	-2.593
12.8664	10	4.7564	-2.6028
12.8764	10	4.75379	-2.6126
12.8864	10	4.75117	-2.6224
12.8964	10	4.74855	-2.6322
12.9065	10	4.74591	-2.642
12.9165	10	4.74326	-2.6518
12.9265	10	4.74061	-2.6616
12.9365	10	4.73794	-2.6714
12.9465	10	4.73526	-2.6812
12.9565	10	4.73258	-2.691
12.9665	10	4.72988	-2.7008
12.9765	10	4.72718	-2.7106
12.9865	10	4.72446	-2.7204
12.9965	10	4.72174	-2.7302
13.0065	10	4.719	-2.74
13.0165	10	4.71626	-2.7498
13.0265	10	4.7135	-2.7596
13.0365	10	4.71074	-2.7694
13.0465	10	4.70796	-2.7792
13.0565	10	4.70518	-2.789
13.0665	10	4.70238	-2.7988
13.0765	10	4.69958	-2.8086
13.0865	10	4.69677	-2.8184
13.0965	10	4.69394	-2.8282
13.1066	10	4.69111	-2.838
13.1166	10	4.68827	-2.8478
13.1266	10	4.68541	-2.8576
13.1366	10	4.68255	-2.8674
13.1466	10	4.67968	-2.8772
13.1566	10	4.6768	-2.887
13.1666	10	4.67391	-2.8968
13.1766	10	4.671	-2.9066
13.1866	10	4.66809	-2.9164
13.1966	10	4.66517	-2.9262
13.2066	10	4.66224	-2.936
13.2166	10	4.6593	-2.9458
13.2266	10	4.65635	-2.9556
13.2366	10	4.65339	-2.9654
13.2466	10	4.65042	-2.9752
13.2566	10	4.64744	-2.985
13.2666	10	4.64445	-2.9948
13.2766	10	4.64145	-3.0046
13.2866	10	4.63844	-3.0144
13.2966	10	4.63542	-3.0242
13.3067	10	4.63239	-3.034
13.3167	10	4.62935	-3.0438
13.3267	10	4.6263	-3.0536
13.3367	10	4.62324	-3.0634
13.3467	10	4.62018	-3.0732
13.3567	10	4.6171	-3.083
13.3667	10	4.61401	-3.0928
13.3767	10	4.61091	-3.1026
13.3867	10	4.6078	-3.1124
13.3967	10	4.60469	-3.1222
13.4067	10	4.60156	-3.132
13.4167	10	4.59842	-3.1418
13.4267	10	4.59528	-3.1516
13.4367	10	4.59212	-3.1614
13.4467	10	4.58895	-3.1712
13.4567	10	4.58578	-3.181
13.4667	10	4.58259	-3.1908
13.4767	10	4.5794	-3.2006
13.4867	10	4.57619	-3.2104
13.4967	10	4.57298	-3.2202
13.5068	10	4.56975	-3.23
13.5168	10	4.56652	-3.2398
13.5268	10	4.56327	-3.2496
13.5368	10	4.56002	-3.2594
13.5468	10	4.55675	-3.2692
13.5568	10	4.55348	-3.279
13.5668	10	4.55019	-3.2888
13.5768	10	4.5469	-3.2986
13.5868	10	4.5436	-3.3084
13.5968	10	4.54028	-3.3182
13.6068	10	4.53696	-3.328
13.6168	10	4.53363	-3.3378
13.6268	10	4.53028	-3.3476
13.6368	10	4.52693	-3.3574
13.6468	10	4.52357	-3.3672
13.6568	10	4.5202	-3.377
13.6668	10	4.51682	-3.3868
13.6768	10	4.51342	-3.3966
13.6868	10	4.51002	-3.4064
13.6968	10	4.50661	-3.4162
13.7069	10	4.50319	-3.426
13.7169	10	4.49976	-3.4358
13.7269	10	4.49632	-3.4456
13.7369	10	4.49287	-3.4554
13.7469	10	4.48941	-3.4652
13.7569	10	4.48594	-3.475
13.7669	10	4.48246	-3.4848
13.7769	10	4.47897	-3.4946
13.7869	10	4.47547	-3.5044
13.7969	10	4.47196	-3.5142
13.8069	10	4.46844	-3.524
13.8169	10	4.46491	-3.5338
13.8269	10	4.46137	-3.5436
13.8369	10	4.45782	-3.5534
13.8469	10	4.45427	-3.5632
13.8569	10	4.4507	-3.573
13.8669	10	4.44712	-3.5828
13.8769	10	4.44353	-3.5926
13.8869	10	4.43993	-3.6024
13.8969	10	4.43633	-3.6122
13.907	10	4.43271	-3.622
13.917	10	4.42908	-3.6318
13.927	10	4.42545	-3.6416
13.937	10	4.4218	-3.6514
13.947	10	4.41814	-3.6612
13.957	10	4.41448	-3.671
13.967	10	4.4108	-3.6808
13.977	10	4.40712	-3.6906
13.987	10	4.40342	-3.7004
13.997	10	4.39972	-3.7102
14.007	10	4.396	-3.72
14.017	10	4.39228	-3.7298
14.027	10	4.38854	-3.7396
14.037	10	4.3848	-3.7494
14.047	10	4.38104	-3.7592
14.057	10	4.37728	-3.769
14.067	10	4.3735	-3.7788
14.077	10	4.36972	-3.7886
14.087	10	4.36593	-3.7984
14.097	10	4.36212	-3.8082
14.1071	10	4.35831	-3.818
14.1171	10	4.35449	-3.8278
14.1271	10	4.35065	-3.8376
14.1371	10	4.34681	-3.8474
14.1471	10	4.34296	-3.8572
14.1571	10	4.3391	-3.867
14.1671	10	4.33523	-3.8768
14.1771	10	4.33134	-3.8866
14.1871	10	4.32745	-3.8964
14.1971	10	4.32355	-3.9062
14.2071	10	4.31964	-3.916
14.2171	10	4.31572	-3.9258
14.2271	10	4.31179	-3.9356
14.2371	10	4.30785	-3.9454
14.2471	10	4.3039	-3.9552
14.2571	10	4.29994	-3.965
14.2671	10	4.29597	-3.9748
14.2771	10	4.29199	-3.9846
14.2871	10	4.288	-3.9944
14.2971	10	4.284	-4.0042
14.3072	10	4.27999	-4.014
14.3172	10	4.27597	-4.0238
14.3272	10	4.27194	-4.0336
14.3372	10	4.2679	-4.0434
14.3472	10	4.26386	-4.0532
14.3572	10	4.2598	-4.063
14.3672	10	4.25573	-4.0728
14.3772	10	4.25165	-4.0826
14.3872	10	4.24756	-4.0924
14.3972	10	4.24347	-4.1022
14.4072	10	4.23936	-4.112
14.4172	10	4.23524	-4.1218
14.4272	10	4.23112	-4.1316
14.4372	10	4.22698	-4.1414
14.4472	10	4.22283	-4.1512
14.4572	10	4.21868	-4.161
14.4672	10	4.21451	-4.1708
14.4772	10	4.21034	-4.1806
14.4872	10	4.20615	-4.1904
14.4972	10	4.20196	-4.2002
14.5073	10	4.19775	-4.21
14.5173	10	4.19354	-4.2198
14.5273	10	4.18931	-4.2296
14.5373	10	4.18508	-4.2394
14.5473	10	4.18083	-4.2492
14.5573	10	4.17658	-4.259
14.5673	10	4.17231	-4.2688
14.5773	10	4.16804	-4.2786
14.5873	10	4.16376	-4.2884
14.5973	10	4.15946	-4.2982
14.6073	10	4.15516	-4.308
14.6173	10	4.15085	-4.3178
14.6273	10	4.14652	-4.3276
14.6373	10	4.14219	-4.3374
14.6473	10	4.13785	-4.3472
14.6573	10	4.1335	-4.357
14.6673	10	4.12914	-4.3668
14.6773	10	4.12476	-4.3766
14.6873	10	4.12038	-4.3864
14.6973	10	4.11599	-4.3962
14.7074	10	4.11159	-4.406
14.7174	10	4.10718	-4.4158
14.7274	10	4.10276	-4.4256
14.7374	10	4.09833	-4.4354
14.7474	10	4.09389	-4.4452
14.7574	10	4.08944	-4.455
14.7674	10	4.08498	-4.4648
14.7774	10	4.08051	-4.4746
14.7874	10	4.07603	-4.4844
14.7974	10	4.07154	-4.4942
14.8074	10	4.06704	-4.504
14.8174	10	4.06253	-4.5138
14.8274	10	4.05801	-4.5236
14.8374	10	4.05348	-4.5334
14.8474	10	4.04895	-4.5432
14.8574	10	4.0444	-4.553
14.8674	10	4.03984	-4.5628
14.8774	10	4.03527	-4.5726
14.8874	10	4.03069	-4.5824
14.8974	10	4.02611	-4.5922
14.9075	10	4.02151	-4.602
14.9175	10	4.0169	-4.6118
14.9275	10	4.01229	-4.6216
14.9375	10	4.00766	-4.6314
14.9475	10	4.00302	-4.6412
14.9575	10	3.99838	-4.651
14.9675	10	3.99372	-4.6608
14.9775	10	3.98906	-4.6706
14.9875	10	3.98438	-4.6804
14.9975	10	3.9797	-4.6902
15.0075	10	3.975	-4.7
15.0175	10	3.9703	-4.7098
15.0275	10	3.96558	-4.7196
15.0375	10	3.96086	-4.7294
15.0475	10	3.95612	-4.7392
15.0575	10	3.95138	-4.749
15.0675	10	3.94662	-4.7588
15.0775	10	3.94186	-4.7686
15.0875	10	3.93709	-4.7784
15.0975	10	3.9323	-4.7882
15.1076	10	3.92751	-4.798
15.1176	10	3.92271	-4.8078
15.1276	10	3.91789	-4.8176
15.1376	10	3.91307	-4.8274
15.1476	10	3.90824	-4.8372
15.1576	10	3.9034	-4.847
15.1676	10	3.89855	-4.8568
15.1776	10	3.89368	-4.8666
15.1876	10	3.88881	-4.8764
15.1976	10	3.88393	-4.8862
15.2076	10	3.87904	-4.896
15.2176	10	3.87414	-4.9058
15.2276	10	3.86923	-4.9156
15.2376	10	3.86431	-4.9254
15.2476	10	3.85938	-4.9352
15.2576	10	3.85444	-4.945
15.2676	10	3.84949	-4.9548
15.2776	10	3.84453	-4.9646
15.2876	10	3.83956	-4.9744
15.2976	10	3.83458	-4.9842
15.3077	10	3.82959	-4.994
15.3177	10	3.82459	-5.0038
15.3277	10	3.81958	-5.0136
15.3377	10	3.81456	-5.0234
15.3477	10	3.80954	-5.0332
15.3577	10	3.8045	-5.043
15.3677	10	3.79945	-5.0528
15.3777	10	3.79439	-5.0626
15.3877	10	3.78932	-5.0724
15.3977	10	3.78425	-5.0822
15.4077	10	3.77916	-5.092
15.4177	10	3.77406	-5.1018
15.4277	10	3.76896	-5.1116
15.4377	10	3.76384	-5.1214
15.4477	10	3.75871	-5.1312
15.4577	10	3.75358	-5.141
15.4677	10	3.74843	-5.1508
15.4777	10	3.74328	-5.1606
15.4877	10	3.73811	-5.1704
15.4977	10	3.73294	-5.1802
15.5078	10	3.72775	-5.19
15.5178	10	3.72256	-5.1998
15.5278	10	3.71735	-5.2096
15.5378	10	3.71214	-5.2194
15.5478	10	3.70691	-5.2292
15.5578	10	3.70168	-5.239
15.5678	10	3.69643	-5.2488
15.5778	10	3.69118	-5.2586
15.5878	10	3.68592	-5.2684
15.5978	10	3.68064	-5.2782
15.6078	10	3.67536	-5.288
15.6178	10	3.67007	-5.2978
15.6278	10	3.66476	-5.3076
15.6378	10	3.65945	-5.3174
15.6478	10	3.65413	-5.3272
15.6578	10	3.6488	-5.337
15.6678	10	3.64346	-5.3468
15.6778	10	3.6381	-5.3566
15.6878	10	3.63274	-5.3664
15.6978	10	3.62737	-5.3762
15.7079	10	3.62199	-5.386
15.7179	10	3.6166	-5.3958
15.7279	10	3.6112	-5.4056
15.7379	10	3.60579	-5.4154
15.7479	10	3.60037	-5.4252
15.7579	10	3.59494	-5.435
15.7679	10	3.5895	-5.4448
15.7779	10	3.58405	-5.4546
15.7879	10	3.57859	-5.4644
15.7979	10	3.57312	-5.4742
15.8079	10	3.56764	-5.484
15.8179	10	3.56215	-5.4938
15.8279	10	3.55665	-5.5036
15.8379	10	3.55114	-5.5134
15.8479	10	3.54563	-5.5232
15.8579	10	3.5401	-5.533
15.8679	10	3.53456	-5.5428
15.8779	10	3.52901	-5.5526
15.8879	10	3.52345	-5.5624
15.8979	10	3.51789	-5.5722
15.908	10	3.51231	-5.582
15.918	10	3.50672	-5.5918
15.928	10	3.50113	-5.6016
15.938	10	3.49552	-5.6114
15.948	10	3.4899	-5.6212
15.958	10	3.48428	-5.631
15.968	10	3.47864	-5.6408
15.978	10	3.473	-5.6506
15.988	10	3.46734	-5.6604
15.998	10	3.46168	-5.6702
16.008	10	3.456	-5.68
16.018	10	3.45032	-5.6898
16.028	10	3.44462	-5.6996
16.038	10	3.43892	-5.7094
16.048	10	3.4332	-5.7192
16.058	10	3.42748	-5.729
16.068	10	3.42174	-5.7388
16.078	10	3.416	-5.7486
16.088	10	3.41025	-5.7584
16.098	10	3.40448	-5.7682
16.1081	10	3.39871	-5.778
16.1181	10	3.39293	-5.7878
16.1281	10	3.38713	-5.7976
16.1381	10	3.38133	-5.8074
16.1481	10	3.37552	-5.8172
16.1581	10	3.3697	-5.827
16.1681	10	3.36387	-5.8368
16.1781	10	3.35802	-5.8466
16.1881	10	3.35217	-5.8564
16.1981	10	3.34631	-5.8662
16.2081	10	3.34044	-5.876
16.2181	10	3.33456	-5.8858
16.2281	10	3.32867	-5.8956
16.2381	10	3.32277	-5.9054
16.2481	10	3.31686	-5.9152
16.2581	10	3.31094	-5.925
16.2681	10	3.30501	-5.9348
16.2781	10	3.29907	-5.9446
16.2881	10	3.29312	-5.9544
16.2981	10	3.28716	-5.9642
16.3082	10	3.28119	-5.974
16.3182	10	3.27521	-5.9838
16.3282	10	3.26922	-5.9936
16.3382	10	3.26322	-6.0034
16.3482	10	3.25722	-6.0132
16.3582	10	3.2512	-6.023
16.3682	10	3.24517	-6.0328
16.3782	10	3.23913	-6.0426
16.3882	10	3.23308	-6.0524
16.3982	10	3.22703	-6.0622
16.4082	10	3.22096	-6.072
16.4182	10	3.21488	-6.0818
16.4282	10	3.2088	-6.0916
16.4382	10	3.2027	-6.1014
16.4482	10	3.19659	-6.1112
16.4582	10	3.19048	-6.121
16.4682	10	3.18435	-6.1308
16.4782	10	3.17822	-6.1406
16.4882	10	3.17207	-6.1504
16.4982	10	3.16592	-6.1602
16.5083	10	3.15975	-6.17
16.5183	10	3.15358	-6.1798
16.5283	10	3.14739	-6.1896
16.5383	10	3.1412	-6.1994
16.5483	10	3.13499	-6.2092
16.5583	10	3.12878	-6.219
16.5683	10	3.12255	-6.2288
16.5783	10	3.11632	-6.2386
16.5883	10	3.11008	-6.2484
16.5983	10	3.10382	-6.2582
16.6083	10	3.09756	-6.268
16.6183	10	3.09129	-6.2778
16.6283	10	3.085	-6.2876
16.6383	10	3.07871	-6.2974
16.6483	10	3.07241	-6.3072
16.6583	10	3.0661	-6.317
16.6683	10	3.05978	-6.3268
16.6783	10	3.05344	-6.3366
16.6883	10	3.0471	-6.3464
16.6983	10	3.04075	-6.3562
16.7084	10	3.03439	-6.366
16.7184	10	3.02802	-6.3758
16.7284	10	3.02164	-6.3856
16.7384	10	3.01525	-6.3954
16.7484	10	3.00885	-6.4052
16.7584	10	3.00244	-6.415
16.7684	10	2.99602	-6.4248
16.7784	10	2.98959	-6.4346
16.7884	10	2.98315	-6.4444
16.7984	10	2.9767	-6.4542
16.8084	10	2.97024	-6.464
16.8184	10	2.96377	-6.4738
16.8284	10	2.95729	-6.4836
16.8384	10	2.9508	-6.4934
16.8484	10	2.94431	-6.5032
16.8584	10	2.9378	-6.513
16.8684	10	2.93128	-6.5228
16.8784	10	2.92475	-6.5326
16.8884	10	2.91821	-6.5424
16.8984	10	2.91167	-6.5522
16.9085	10	2.90511	-6.562
16.9185	10	2.89854	-6.5718
16.9285	10	2.89197	-6.5816
16.9385	10	2.88538	-6.5914
16.9485	10	2.87878	-6.6012
16.9585	10	2.87218	-6.611
16.9685	10	2.86556	-6.6208
16.9785	10	2.85894	-6.6306
16.9885	10	2.8523	-6.6404
16.9985	10	2.84566	-6.6502
17.0085	10	2.839	-6.66
17.0185	10	2.83234	-6.6698
17.0285	10	2.82566	-6.6796
17.0385	10	2.81898	-6.6894
17.0485	10	2.81228	-6.6992
17.0585	10	2.80558	-6.709
17.0685	10	2.79886	-6.7188
17.0785	10	2.79214	-6.7286
17.0885	10	2.78541	-6.7384
17.0985	10	2.77866	-6.7482
17.1086	10	2.77191	-6.758
17.1186	10	2.76515	-6.7678
17.1286	10	2.75837	-6.7776
17.1386	10	2.75159	-6.7874
17.1486	10	2.7448	-6.7972
17.1586	10	2.738	-6.807
17.1686	10	2.73119	-6.8168
17.1786	10	2.72436	-6.8266
17.1886	10	2.71753	-6.8364
17.1986	10	2.71069	-6.8462
17.2086	10	2.70384	-6.856
17.2186	10	2.69698	-6.8658
17.2286	10	2.69011	-6.8756
17.2386	10	2.68323	-6.8854
17.2486	10	2.67634	-6.8952
17.2586	10	2.66944	-6.905
17.2686	10	2.66253	-6.9148
17.2786	10	2.65561	-6.9246
17.2886	10	2.64868	-6.9344
17.2986	10	2.64174	-6.9442
17.3087	10	2.63479	-6.954
17.3187	10	2.62783	-6.9638
17.3287	10	2.62086	-6.9736
17.3387	10	2.61388	-6.9834
17.3487	10	2.6069	-6.9932
17.3587	10	2.5999	-7.003
17.3687	10	2.59289	-7.0128
17.3787	10	2.58587	-7.0226
17.3887	10	2.57884	-7.0324
17.3987	10	2.57181	-7.0422
17.4087	10	2.56476	-7.052
17.4187	10	2.5577	-7.0618
17.4287	10	2.55064	-7.0716
17.4387	10	2.54356	-7.0814
17.4487	10	2.53647	-7.0912
17.4587	10	2.52938	-7.101
17.4687	10	2.52227	-7.1108
17.4787	10	2.51516	-7.1206
17.4887	10	2.50803	-7.1304
17.4987	10	2.5009	-7.1402
17.5088	10	2.49375	-7.15
17.5188	10	2.4866	-7.1598
17.5288	10	2.47943	-7.1696
17.5388	10	2.47226	-7.1794
17.5488	10	2.46507	-7.1892
17.5588	10	2.45788	-7.199
17.5688	10	2.45067	-7.2088
17.5788	10	2.44346	-7.2186
17.5888	10	2.43624	-7.2284
17.5988	10	2.429	-7.2382
17.6088	10	2.42176	-7.248
17.6188	10	2.41451	-7.2578
17.6288	10	2.40724	-7.2676
17.6388	10	2.39997	-7.2774
17.6488	10	2.39269	-7.2872
17.6588	10	2.3854	-7.297
17.6688	10	2.3781	-7.3068
17.6788	10	2.37078	-7.3166
17.6888	10	2.36346	-7.3264
17.6988	10	2.35613	-7.3362
17.7089	10	2.34879	-7.346
17.7189	10	2.34144	-7.3558
17.7289	10	2.33408	-7.3656
17.7389	10	2.32671	-7.3754
17.7489	10	2.31933	-7.3852
17.7589	10	2.31194	-7.395
17.7689	10	2.30454	-7.4048
17.7789	10	2.29713	-7.4146
17.7889	10	2.28971	-7.4244
17.7989	10	2.28228	-7.4342
17.8089	10	2.27484	-7.444
17.8189	10	2.26739	-7.4538
17.8289	10	2.25993	-7.4636
17.8389	10	2.25246	-7.4734
17.8489	10	2.24499	-7.4832
17.8589	10	2.2375	-7.493
17.8689	10	2.23	-7.5028
17.8789	10	2.22249	-7.5126
17.8889	10	2.21497	-7.5224
17.8989	10	2.20745	-7.5322
17.909	10	2.19991	-7.542
17.919	10	2.19236	-7.5518
17.929	10	2.18481	-7.5616
17.939	10	2.17724	-7.5714
17.949	10	2.16966	-7.5812
17.959	10	2.16208	-7.591
17.969	10	2.15448	-7.6008
17.979	10	2.14688	-7.6106
17.989	10	2.13926	-7.6204
17.999	10	2.13164	-7.6302
18.009	10	2.124	-7.64
